Running tests for unknown_n
Initial set:
[0.0, 2.0, 5.0, 6.0, 7.0, 8.0]

Inferring inclusion tag 0
[0.0, 3.0, 8.0]
[1.0, 3.0, 6.0, 7.0]
[1.0, 4.0, 8.0]
[0.0, 1.0, 2.0, 3.0, 5.0, 7.0, 8.0, 9.0]
[0.0, 2.0, 5.0, 7.0, 8.0, 9.0]

Inferring inclusion tag 4
[0.0, 2.0, 4.0, 5.0, 8.0]
[0.0, 2.0, 7.0, 8.0]
[0.0, 2.0, 4.0, 5.0, 7.0, 8.0, 9.0]
[0.0, 2.0, 4.0, 5.0, 8.0, 9.0]
[0.0, 2.0, 4.0, 5.0, 8.0, 9.0]

Inferring inclusion tag 9
[0.0, 2.0, 4.0, 5.0, 8.0, 9.0]
[0.0, 2.0, 4.0, 5.0, 8.0]
[0.0, 2.0, 4.0, 5.0, 8.0]
[0.0, 2.0, 4.0, 5.0, 8.0, 9.0]
[0.0, 2.0, 4.0, 5.0, 8.0, 9.0]

Running tests for unknown_n_predict
Initial set:
[0.0, 3.0, 5.0, 8.0, 9.0]

Inferring inclusion tag 0
[0.0, 3.0, 5.0, 8.0, 9.0]
[3.0, 5.0, 8.0, 9.0]
[0.0, 3.0, 5.0, 8.0, 9.0]
[0.0, 3.0, 5.0, 8.0, 9.0]
[3.0, 5.0, 8.0, 9.0]

Inferring inclusion tag 4
[3.0, 4.0, 5.0, 8.0, 9.0]
[3.0, 4.0, 5.0, 8.0, 9.0]
[3.0, 5.0, 8.0, 9.0]
[3.0, 5.0, 8.0, 9.0]
[3.0, 4.0, 5.0, 8.0, 9.0]

Inferring inclusion tag 9
[3.0, 4.0, 5.0, 8.0]
[3.0, 4.0, 5.0, 8.0, 9.0]
[3.0, 4.0, 5.0, 8.0]
[3.0, 4.0, 5.0, 8.0, 9.0]
[3.0, 4.0, 5.0, 8.0, 9.0]

Running tests for unknown_n_thunk
Initial set:
[2.0, 3.0, 4.0, 5.0, 6.0, 7.0]

Inferring inclusion tag 0
[1.0, 3.0, 5.0, 6.0, 7.0, 8.0, 9.0]
[0.0, 1.0, 6.0, 7.0, 8.0, 9.0]
[1.0, 2.0, 4.0, 5.0, 6.0, 8.0, 9.0]
[4.0, 6.0, 9.0]
[0.0, 2.0, 3.0, 4.0, 8.0, 9.0]

Inferring inclusion tag 4
[0.0, 2.0, 3.0, 5.0, 6.0, 7.0, 9.0]
[0.0, 2.0, 3.0, 4.0, 5.0, 6.0, 9.0]
[0.0, 2.0, 3.0, 4.0, 5.0, 6.0, 8.0]
[0.0, 2.0, 3.0, 5.0, 6.0, 9.0]
[0.0, 2.0, 3.0, 4.0, 5.0, 7.0]

Inferring inclusion tag 9
[0.0, 2.0, 3.0, 4.0, 5.0, 7.0, 9.0]
[0.0, 2.0, 3.0, 4.0, 5.0, 7.0, 9.0]
[0.0, 2.0, 3.0, 4.0, 5.0, 7.0]
[0.0, 2.0, 3.0, 4.0, 5.0, 7.0]
[0.0, 2.0, 3.0, 4.0, 5.0, 7.0]

