Running tests for filter_n
Initial set:
[0.0, 2.0, 4.0, 6.0, 7.0]

Inferring inclusion tag 0
[1.0, 2.0, 3.0, 4.0, 7.0, 8.0]
[0.0, 1.0, 4.0, 5.0, 6.0]
[3.0, 4.0, 7.0, 8.0, 9.0]
[1.0, 3.0, 9.0]
[0.0, 1.0, 2.0, 4.0, 5.0, 6.0, 7.0, 9.0]

Inferring inclusion tag 4
[0.0, 1.0, 2.0, 6.0]
[0.0, 1.0, 2.0, 5.0, 8.0, 9.0]
[0.0, 1.0, 2.0, 5.0, 6.0, 8.0, 9.0]
[0.0, 1.0, 2.0, 7.0]
[0.0, 1.0, 2.0, 4.0, 7.0, 8.0]

Inferring inclusion tag 9
[0.0, 1.0, 2.0, 4.0, 7.0, 8.0, 9.0]
[0.0, 1.0, 2.0, 4.0, 7.0, 8.0]
[0.0, 1.0, 2.0, 4.0, 7.0, 8.0]
[0.0, 1.0, 2.0, 4.0, 7.0, 8.0]
[0.0, 1.0, 2.0, 4.0, 7.0, 8.0]

Running tests for filter_n_predict
Initial set:
[1.0, 2.0, 3.0, 6.0]

Inferring inclusion tag 0
[1.0, 2.0, 3.0, 6.0]
[1.0, 2.0, 3.0, 6.0]
[0.0, 1.0, 2.0, 3.0, 6.0]
[0.0, 1.0, 2.0, 3.0, 6.0]
[1.0, 2.0, 3.0, 6.0]

Inferring inclusion tag 4
[1.0, 2.0, 3.0, 6.0]
[1.0, 2.0, 3.0, 6.0]
[1.0, 2.0, 3.0, 6.0]
[1.0, 2.0, 3.0, 4.0, 6.0]
[1.0, 2.0, 3.0, 4.0, 6.0]

Inferring inclusion tag 9
[1.0, 2.0, 3.0, 4.0, 6.0, 9.0]
[1.0, 2.0, 3.0, 4.0, 6.0]
[1.0, 2.0, 3.0, 4.0, 6.0, 9.0]
[1.0, 2.0, 3.0, 4.0, 6.0, 9.0]
[1.0, 2.0, 3.0, 4.0, 6.0, 9.0]

Running tests for filter_n_thunk
Initial set:
[1.0, 2.0, 4.0, 5.0, 9.0]

Inferring inclusion tag 0
[1.0, 2.0, 3.0, 4.0, 6.0]
[0.0, 1.0, 4.0, 6.0, 7.0, 8.0]
[6.0, 7.0, 8.0, 9.0]
[1.0, 2.0, 5.0, 6.0, 9.0]
[0.0, 4.0, 5.0, 7.0]

Inferring inclusion tag 4
[0.0, 4.0, 9.0]
[0.0, 4.0, 6.0, 7.0]
[0.0, 5.0, 7.0, 8.0, 9.0]
[0.0]
[0.0, 6.0, 8.0]

Inferring inclusion tag 9
[0.0, 6.0, 8.0]
[0.0, 6.0, 8.0, 9.0]
[0.0, 6.0, 8.0]
[0.0, 6.0, 8.0, 9.0]
[0.0, 6.0, 8.0, 9.0]

