1.504000000000000057e+02
1.031099999999999994e+02
3.808920000000000073e+03
1.010799999999999983e+02
2.474829999999999927e+03
1.062699999999999960e+02
6.840000000000000000e+02
6.840000000000000000e+02
4.032860000000000127e+03
2.200000000000000011e-01
6.459800000000000182e+02
7.178799999999999955e+02
7.180399999999999636e+02
3.431099999999999909e+03
3.418199999999999818e+03
3.430280000000000200e+03
7.177000000000000455e+02
7.180000000000000000e+02
1.418500000000000000e+03
1.148430000000000064e+03
9.948300000000000409e+02
2.400000000000000000e+02
2.200000000000000011e-01
6.376499999999999773e+02
6.376399999999999864e+02
2.351599999999999966e+02
3.442000000000000000e+03
1.868980000000000018e+03
1.867910000000000082e+03
1.875529999999999973e+03
7.096100000000000136e+02
7.176599999999999682e+02
7.178999999999999773e+02
7.042999999999999545e+02
5.390599999999999454e+02
5.413999999999999773e+02
1.970045000000000073e+04
2.872150000000000091e+03
