1.436079999999999927e+03
1.436130000000000109e+03
1.436099999999999909e+03
1.436059999999999945e+03
1.436140000000000100e+03
1.436099999999999909e+03
1.438799999999999955e+03
nan
2.394000000000000128e+01
1.446359999999999900e+03
1.306289999999999964e+03
1.306289999999999964e+03
1.436079999999999927e+03
1.436059999999999945e+03
1.436089999999999918e+03
1.436069999999999936e+03
1.436089999999999918e+03
1.436099999999999909e+03
1.436079999999999927e+03
1.436049999999999955e+03
1.436099999999999909e+03
1.436089999999999918e+03
1.436069999999999936e+03
1.436079999999999927e+03
1.436099999999999909e+03
1.436099999999999909e+03
1.436099999999999909e+03
1.436099999999999909e+03
1.436079999999999927e+03
1.436099999999999909e+03
1.436099999999999909e+03
1.436119999999999891e+03
1.436079999999999927e+03
1.436069999999999936e+03
1.436079999999999927e+03
1.436079999999999927e+03
1.436099999999999909e+03
1.432000000000000000e+03
1.436079999999999927e+03
1.436079999999999927e+03
1.436099999999999909e+03
1.436079999999999927e+03
1.436099999999999909e+03
1.436079999999999927e+03
1.436210000000000036e+03
1.436029999999999973e+03
1.436079999999999927e+03
1.440309999999999945e+03
1.436059999999999945e+03
1.436089999999999918e+03
1.436119999999999891e+03
1.436069999999999936e+03
1.436099999999999909e+03
1.436109999999999900e+03
1.436170000000000073e+03
1.436150000000000091e+03
1.436079999999999927e+03
1.436130000000000109e+03
1.436150000000000091e+03
1.436079999999999927e+03
1.436039999999999964e+03
1.436099999999999909e+03
1.436029999999999973e+03
1.438200000000000045e+03
1.434099999999999909e+03
1.436119999999999891e+03
1.436109999999999900e+03
1.436119999999999891e+03
1.436099999999999909e+03
1.436119999999999891e+03
1.436069999999999936e+03
1.436069999999999936e+03
1.436109999999999900e+03
1.436079999999999927e+03
1.436059999999999945e+03
1.439759999999999991e+03
1.427269999999999982e+03
1.436099999999999909e+03
1.436089999999999918e+03
1.436109999999999900e+03
1.436069999999999936e+03
1.436089999999999918e+03
1.436099999999999909e+03
1.365609999999999900e+03
1.436039999999999964e+03
1.436099999999999909e+03
1.436049999999999955e+03
1.436049999999999955e+03
1.436079999999999927e+03
1.436150000000000091e+03
1.436049999999999955e+03
1.436099999999999909e+03
1.435819999999999936e+03
1.436109999999999900e+03
1.436119999999999891e+03
1.435930000000000064e+03
1.435099999999999909e+03
1.436099999999999909e+03
1.436099999999999909e+03
1.436109999999999900e+03
1.436099999999999909e+03
1.436099999999999909e+03
1.436039999999999964e+03
1.436099999999999909e+03
1.436089999999999918e+03
1.436079999999999927e+03
1.436099999999999909e+03
1.436099999999999909e+03
1.436099999999999909e+03
1.436119999999999891e+03
1.436119999999999891e+03
1.436099999999999909e+03
1.436099999999999909e+03
1.436130000000000109e+03
1.436119999999999891e+03
1.436099999999999909e+03
1.436109999999999900e+03
1.436099999999999909e+03
1.436269999999999982e+03
1.420800000000000125e+02
1.436140000000000100e+03
1.436119999999999891e+03
1.436069999999999936e+03
1.436000000000000000e+03
1.436099999999999909e+03
1.436109999999999900e+03
1.436109999999999900e+03
1.436569999999999936e+03
1.436059999999999945e+03
1.436130000000000109e+03
1.436109999999999900e+03
1.436119999999999891e+03
1.436069999999999936e+03
1.436099999999999909e+03
1.436079999999999927e+03
1.436099999999999909e+03
1.423349999999999909e+03
1.436059999999999945e+03
1.436089999999999918e+03
1.436089999999999918e+03
1.436099999999999909e+03
1.436119999999999891e+03
1.436099999999999909e+03
1.436059999999999945e+03
1.436099999999999909e+03
1.436089999999999918e+03
1.434029999999999973e+03
1.436039999999999964e+03
1.436099999999999909e+03
1.436059999999999945e+03
1.436079999999999927e+03
1.436089999999999918e+03
1.436079999999999927e+03
1.436069999999999936e+03
1.436210000000000036e+03
1.436069999999999936e+03
1.436119999999999891e+03
1.436079999999999927e+03
1.436089999999999918e+03
1.436279999999999973e+03
1.436069999999999936e+03
1.436099999999999909e+03
1.436099999999999909e+03
1.436059999999999945e+03
1.436059999999999945e+03
1.436089999999999918e+03
1.436009999999999991e+03
1.436059999999999945e+03
1.436109999999999900e+03
1.436099999999999909e+03
1.436099999999999909e+03
1.436099999999999909e+03
1.436099999999999909e+03
1.446569999999999936e+03
1.430599999999999909e+03
1.436000000000000000e+03
1.436039999999999964e+03
1.436190000000000055e+03
1.436130000000000109e+03
1.436109999999999900e+03
1.436069999999999936e+03
1.436069999999999936e+03
1.436069999999999936e+03
1.436069999999999936e+03
1.436099999999999909e+03
1.436099999999999909e+03
1.436099999999999909e+03
1.436099999999999909e+03
1.436079999999999927e+03
1.436109999999999900e+03
1.436059999999999945e+03
1.436099999999999909e+03
1.436109999999999900e+03
1.436099999999999909e+03
1.436160000000000082e+03
1.436000000000000000e+03
1.436000000000000000e+03
1.436140000000000100e+03
1.436079999999999927e+03
1.436069999999999936e+03
1.436099999999999909e+03
1.436099999999999909e+03
1.436069999999999936e+03
1.436000000000000000e+03
1.436230000000000018e+03
1.436079999999999927e+03
1.436079999999999927e+03
1.436109999999999900e+03
1.435950000000000045e+03
1.436099999999999909e+03
1.436069999999999936e+03
1.436140000000000100e+03
1.436079999999999927e+03
1.436099999999999909e+03
1.427910000000000082e+03
1.436069999999999936e+03
1.436079999999999927e+03
1.436109999999999900e+03
1.436099999999999909e+03
1.436130000000000109e+03
1.436099999999999909e+03
1.436099999999999909e+03
1.436089999999999918e+03
1.436079999999999927e+03
1.436099999999999909e+03
1.436079999999999927e+03
1.436109999999999900e+03
1.436079999999999927e+03
1.436079999999999927e+03
1.436099999999999909e+03
1.436049999999999955e+03
1.436119999999999891e+03
1.436190000000000055e+03
1.436119999999999891e+03
1.436089999999999918e+03
1.436009999999999991e+03
1.436109999999999900e+03
1.436029999999999973e+03
1.436390000000000100e+03
1.436109999999999900e+03
1.436210000000000036e+03
1.436099999999999909e+03
1.436099999999999909e+03
1.436089999999999918e+03
1.436119999999999891e+03
1.436089999999999918e+03
1.436079999999999927e+03
1.436099999999999909e+03
1.436069999999999936e+03
1.436079999999999927e+03
1.436079999999999927e+03
1.436140000000000100e+03
1.436119999999999891e+03
1.436099999999999909e+03
1.436160000000000082e+03
1.436069999999999936e+03
1.436119999999999891e+03
1.436069999999999936e+03
1.436099999999999909e+03
1.436109999999999900e+03
1.439150000000000091e+03
1.436000000000000000e+03
1.436099999999999909e+03
1.436109999999999900e+03
1.436029999999999973e+03
1.436089999999999918e+03
1.436099999999999909e+03
1.435519999999999982e+03
1.436099999999999909e+03
1.436119999999999891e+03
1.436079999999999927e+03
1.436130000000000109e+03
1.436039999999999964e+03
1.436099999999999909e+03
1.436099999999999909e+03
1.436119999999999891e+03
1.436099999999999909e+03
1.436799999999999955e+03
1.436089999999999918e+03
1.436119999999999891e+03
1.436099999999999909e+03
1.434599999999999909e+03
1.436130000000000109e+03
1.436119999999999891e+03
1.436150000000000091e+03
1.435960000000000036e+03
1.436099999999999909e+03
1.436000000000000000e+03
1.436160000000000082e+03
1.436130000000000109e+03
1.436130000000000109e+03
1.435039999999999964e+03
1.436119999999999891e+03
1.436130000000000109e+03
1.436089999999999918e+03
1.436089999999999918e+03
1.436099999999999909e+03
1.436099999999999909e+03
1.436099999999999909e+03
1.436099999999999909e+03
1.436039999999999964e+03
1.436099999999999909e+03
1.436079999999999927e+03
1.436230000000000018e+03
1.436079999999999927e+03
1.436099999999999909e+03
1.436099999999999909e+03
1.436089999999999918e+03
1.436099999999999909e+03
1.436150000000000091e+03
1.436079999999999927e+03
1.436079999999999927e+03
1.436119999999999891e+03
1.436119999999999891e+03
1.436079999999999927e+03
1.436109999999999900e+03
1.436170000000000073e+03
1.436079999999999927e+03
1.436079999999999927e+03
1.436119999999999891e+03
1.436079999999999927e+03
1.436099999999999909e+03
1.436039999999999964e+03
1.436099999999999909e+03
1.436130000000000109e+03
1.436089999999999918e+03
1.436119999999999891e+03
1.436089999999999918e+03
1.436000000000000000e+03
1.435789999999999964e+03
1.436059999999999945e+03
1.436130000000000109e+03
1.436099999999999909e+03
1.436079999999999927e+03
1.436079999999999927e+03
1.436099999999999909e+03
1.436099999999999909e+03
1.436109999999999900e+03
1.436109999999999900e+03
1.436029999999999973e+03
1.436130000000000109e+03
1.436099999999999909e+03
1.435999999999999943e+01
2.394000000000000128e+01
1.436099999999999909e+03
1.436190000000000055e+03
1.439410000000000082e+03
1.436099999999999909e+03
1.436119999999999891e+03
1.436089999999999918e+03
1.436099999999999909e+03
1.436069999999999936e+03
1.436059999999999945e+03
1.436519999999999982e+03
1.436099999999999909e+03
1.436099999999999909e+03
1.436000000000000000e+03
1.436160000000000082e+03
1.436119999999999891e+03
1.436069999999999936e+03
1.436059999999999945e+03
1.436150000000000091e+03
1.436099999999999909e+03
1.436099999999999909e+03
1.436099999999999909e+03
1.436240000000000009e+03
1.436089999999999918e+03
1.436099999999999909e+03
1.436099999999999909e+03
1.436099999999999909e+03
1.436099999999999909e+03
1.436119999999999891e+03
1.436000000000000000e+03
1.436099999999999909e+03
1.437779999999999973e+03
1.436099999999999909e+03
1.436089999999999918e+03
1.436119999999999891e+03
1.436059999999999945e+03
1.436089999999999918e+03
1.436039999999999964e+03
1.436180000000000064e+03
1.435880000000000109e+03
1.436059999999999945e+03
1.436990000000000009e+03
1.435700000000000045e+03
1.436039999999999964e+03
1.436200000000000045e+03
1.436109999999999900e+03
1.436130000000000109e+03
1.436099999999999909e+03
1.436130000000000109e+03
1.436089999999999918e+03
1.436099999999999909e+03
1.436099999999999909e+03
1.436109999999999900e+03
1.436099999999999909e+03
1.436099999999999909e+03
1.436299999999999955e+03
1.436069999999999936e+03
1.436099999999999909e+03
1.436099999999999909e+03
1.436069999999999936e+03
1.436099999999999909e+03
1.436079999999999927e+03
1.436099999999999909e+03
1.436000000000000000e+03
1.436069999999999936e+03
1.436059999999999945e+03
1.436099999999999909e+03
1.436099999999999909e+03
1.436119999999999891e+03
1.435220000000000027e+03
1.436119999999999891e+03
1.436109999999999900e+03
1.435940000000000055e+03
1.436390000000000100e+03
1.436099999999999909e+03
1.436089999999999918e+03
1.436099999999999909e+03
1.434690000000000055e+03
1.436099999999999909e+03
1.436119999999999891e+03
1.436099999999999909e+03
1.436099999999999909e+03
1.436099999999999909e+03
1.436099999999999909e+03
1.436099999999999909e+03
1.436099999999999909e+03
1.436089999999999918e+03
1.436130000000000109e+03
1.436109999999999900e+03
1.436059999999999945e+03
1.435920000000000073e+03
1.436069999999999936e+03
1.436099999999999909e+03
1.436059999999999945e+03
1.435759999999999991e+03
1.436109999999999900e+03
1.436049999999999955e+03
1.436240000000000009e+03
1.435920000000000073e+03
1.436130000000000109e+03
1.436049999999999955e+03
1.436099999999999909e+03
1.436089999999999918e+03
1.436099999999999909e+03
