1.004200000000000017e+02
9.859999999999999432e+01
9.740000000000000568e+01
9.750000000000000000e+01
9.759999999999999432e+01
9.800000000000000000e+01
9.800000000000000000e+01
9.509999999999999432e+01
9.620000000000000284e+01
9.720000000000000284e+01
9.690000000000000568e+01
9.606000000000000227e+01
9.800000000000000000e+01
9.820000000000000284e+01
1.149000000000000057e+02
9.940000000000000568e+01
1.002999999999999972e+02
9.700000000000000000e+01
9.750000000000000000e+01
9.779999999999999716e+01
9.800000000000000000e+01
9.717000000000000171e+01
9.798999999999999488e+01
9.281000000000000227e+01
1.050999999999999943e+02
9.900000000000000000e+01
9.601000000000000512e+01
9.601000000000000512e+01
9.859999999999999432e+01
9.479999999999999716e+01
9.470000000000000284e+01
9.959999999999999432e+01
9.684999999999999432e+01
9.879999999999999716e+01
9.470000000000000284e+01
9.709999999999999432e+01
1.002999999999999972e+02
9.709999999999999432e+01
9.467000000000000171e+01
9.709999999999999432e+01
9.740000000000000568e+01
9.740000000000000568e+01
9.740000000000000568e+01
9.550000000000000000e+01
9.959999999999999432e+01
9.850000000000000000e+01
1.007000000000000028e+02
9.643000000000000682e+01
9.740000000000000568e+01
9.800000000000000000e+01
9.800000000000000000e+01
9.879999999999999716e+01
1.015000000000000000e+02
1.009000000000000057e+02
1.009000000000000057e+02
9.890000000000000568e+01
1.009000000000000057e+02
1.009000000000000057e+02
9.720000000000000284e+01
9.720000000000000284e+01
9.720000000000000284e+01
9.720000000000000284e+01
9.920000000000000284e+01
9.754999999999999716e+01
9.779999999999999716e+01
1.012999999999999972e+02
9.859999999999999432e+01
9.800000000000000000e+01
1.028900000000000006e+02
1.012999999999999972e+02
9.709999999999999432e+01
1.030000000000000000e+02
9.800000000000000000e+01
9.679999999999999716e+01
9.850000000000000000e+01
9.920000000000000284e+01
1.019300000000000068e+02
1.019000000000000057e+02
1.017999999999999972e+02
1.018700000000000045e+02
1.018900000000000006e+02
1.019399999999999977e+02
9.607999999999999829e+01
9.879999999999999716e+01
9.879999999999999716e+01
9.820000000000000284e+01
9.656000000000000227e+01
9.700000000000000000e+01
9.809999999999999432e+01
9.843000000000000682e+01
9.845999999999999375e+01
9.843000000000000682e+01
9.845000000000000284e+01
9.840000000000000568e+01
9.879999999999999716e+01
9.879999999999999716e+01
9.879999999999999716e+01
9.540000000000000568e+01
9.479999999999999716e+01
9.803000000000000114e+01
1.012000000000000028e+02
9.540000000000000568e+01
9.754000000000000625e+01
9.448999999999999488e+01
9.448999999999999488e+01
1.015000000000000000e+02
1.015000000000000000e+02
1.014500000000000028e+02
9.559999999999999432e+01
1.073499999999999943e+02
1.070000000000000000e+02
1.067000000000000028e+02
9.800000000000000000e+01
9.800000000000000000e+01
9.468000000000000682e+01
1.027999999999999972e+02
1.010000000000000000e+02
9.740000000000000568e+01
9.756000000000000227e+01
9.890000000000000568e+01
9.559999999999999432e+01
9.559999999999999432e+01
9.829999999999999716e+01
9.879999999999999716e+01
1.140000000000000000e+02
1.140999999999999943e+02
1.140999999999999943e+02
1.140999999999999943e+02
1.140999999999999943e+02
1.140999999999999943e+02
1.140999999999999943e+02
1.140999999999999943e+02
1.140999999999999943e+02
1.140999999999999943e+02
1.140999999999999943e+02
1.140999999999999943e+02
1.140999999999999943e+02
1.140999999999999943e+02
1.140999999999999943e+02
1.140999999999999943e+02
1.140999999999999943e+02
1.140999999999999943e+02
1.140000000000000000e+02
1.140999999999999943e+02
1.140999999999999943e+02
1.140999999999999943e+02
1.140999999999999943e+02
1.140999999999999943e+02
1.140999999999999943e+02
1.140999999999999943e+02
1.140999999999999943e+02
1.140999999999999943e+02
1.140799999999999983e+02
1.140999999999999943e+02
1.140999999999999943e+02
1.140999999999999943e+02
1.140999999999999943e+02
1.140999999999999943e+02
1.140999999999999943e+02
1.140999999999999943e+02
1.140999999999999943e+02
1.140999999999999943e+02
1.182000000000000028e+02
1.140999999999999943e+02
1.140999999999999943e+02
1.140999999999999943e+02
1.133499999999999943e+02
1.034399999999999977e+02
1.140799999999999983e+02
1.034800000000000040e+02
1.139599999999999937e+02
9.834999999999999432e+01
1.139000000000000057e+02
1.140000000000000000e+02
1.140000000000000000e+02
1.160999999999999943e+02
1.159000000000000057e+02
1.158599999999999994e+02
1.159000000000000057e+02
1.160000000000000000e+02
1.160199999999999960e+02
9.340000000000000568e+01
9.340000000000000568e+01
9.809999999999999432e+01
1.007000000000000028e+02
1.044000000000000057e+02
9.709999999999999432e+01
9.800000000000000000e+01
9.837000000000000455e+01
9.550000000000000000e+01
9.840000000000000568e+01
9.770000000000000284e+01
9.770000000000000284e+01
9.453000000000000114e+01
9.465000000000000568e+01
9.790000000000000568e+01
9.579999999999999716e+01
9.690000000000000568e+01
9.690000000000000568e+01
9.435999999999999943e+01
9.437000000000000455e+01
9.437000000000000455e+01
9.646999999999999886e+01
9.489000000000000057e+01
9.484999999999999432e+01
nan
9.829999999999999716e+01
9.729999999999999716e+01
9.279999999999999716e+01
9.829999999999999716e+01
1.004000000000000057e+02
1.004000000000000057e+02
1.004000000000000057e+02
1.004000000000000057e+02
9.900000000000000000e+01
1.004000000000000057e+02
1.004000000000000057e+02
1.004000000000000057e+02
1.004000000000000057e+02
1.004000000000000057e+02
1.004000000000000057e+02
1.004000000000000057e+02
1.004000000000000057e+02
1.004000000000000057e+02
1.004000000000000057e+02
1.004000000000000057e+02
1.004000000000000057e+02
1.004000000000000057e+02
1.004000000000000057e+02
1.004000000000000057e+02
1.004000000000000057e+02
1.004000000000000057e+02
1.004000000000000057e+02
1.004000000000000057e+02
1.004000000000000057e+02
1.004000000000000057e+02
1.004000000000000057e+02
1.004000000000000057e+02
1.004000000000000057e+02
1.004000000000000057e+02
1.004000000000000057e+02
1.004000000000000057e+02
1.004000000000000057e+02
1.004000000000000057e+02
1.004000000000000057e+02
1.004000000000000057e+02
1.004000000000000057e+02
1.004000000000000057e+02
1.004000000000000057e+02
1.004000000000000057e+02
1.004000000000000057e+02
1.004000000000000057e+02
1.004000000000000057e+02
1.004000000000000057e+02
1.004000000000000057e+02
1.004000000000000057e+02
1.004000000000000057e+02
1.004000000000000057e+02
1.004000000000000057e+02
1.004000000000000057e+02
1.004000000000000057e+02
1.004000000000000057e+02
1.004000000000000057e+02
9.979999999999999716e+01
1.004000000000000057e+02
1.004000000000000057e+02
1.004000000000000057e+02
1.004000000000000057e+02
1.004000000000000057e+02
1.004000000000000057e+02
1.004000000000000057e+02
1.004000000000000057e+02
1.004000000000000057e+02
1.004000000000000057e+02
9.979999999999999716e+01
1.004000000000000057e+02
1.004000000000000057e+02
1.004000000000000057e+02
9.979999999999999716e+01
1.004000000000000057e+02
9.979999999999999716e+01
9.750000000000000000e+01
1.012999999999999972e+02
9.909999999999999432e+01
1.124000000000000057e+02
1.020000000000000000e+02
1.008700000000000045e+02
9.712999999999999545e+01
9.700000000000000000e+01
9.700000000000000000e+01
9.725000000000000000e+01
9.792000000000000171e+01
9.850000000000000000e+01
9.850000000000000000e+01
9.550000000000000000e+01
9.459999999999999432e+01
9.060999999999999943e+01
9.457999999999999829e+01
9.820000000000000284e+01
9.720999999999999375e+01
9.907999999999999829e+01
9.879999999999999716e+01
9.879999999999999716e+01
9.720000000000000284e+01
9.750000000000000000e+01
9.790000000000000568e+01
1.030999999999999943e+02
1.050999999999999943e+02
1.009000000000000057e+02
9.745000000000000284e+01
9.800000000000000000e+01
1.022000000000000028e+02
1.012999999999999972e+02
1.012999999999999972e+02
1.012999999999999972e+02
1.159000000000000057e+02
1.012000000000000028e+02
1.014000000000000057e+02
9.829999999999999716e+01
9.490000000000000568e+01
9.790000000000000568e+01
9.729999999999999716e+01
1.004000000000000057e+02
9.759999999999999432e+01
9.870000000000000284e+01
9.829999999999999716e+01
1.010000000000000000e+02
1.019000000000000057e+02
1.020000000000000000e+02
1.020000000000000000e+02
1.014000000000000057e+02
9.462999999999999545e+01
9.720000000000000284e+01
9.748000000000000398e+01
9.920000000000000284e+01
9.609999999999999432e+01
9.596999999999999886e+01
9.375000000000000000e+01
9.390999999999999659e+01
9.870000000000000284e+01
1.002999999999999972e+02
1.002999999999999972e+02
1.002999999999999972e+02
1.007000000000000028e+02
1.007000000000000028e+02
1.007000000000000028e+02
1.007000000000000028e+02
1.007000000000000028e+02
1.007000000000000028e+02
1.007000000000000028e+02
1.007000000000000028e+02
1.007000000000000028e+02
1.007000000000000028e+02
1.007000000000000028e+02
1.007000000000000028e+02
1.007000000000000028e+02
1.007000000000000028e+02
1.007000000000000028e+02
1.007000000000000028e+02
1.007000000000000028e+02
1.009000000000000057e+02
1.002999999999999972e+02
1.002999999999999972e+02
1.002999999999999972e+02
1.002999999999999972e+02
1.002999999999999972e+02
9.459999999999999432e+01
9.459999999999999432e+01
9.262000000000000455e+01
9.459999999999999432e+01
9.950000000000000000e+01
9.859999999999999432e+01
1.047399999999999949e+02
1.050000000000000000e+02
1.049000000000000057e+02
1.047999999999999972e+02
1.047999999999999972e+02
1.047000000000000028e+02
1.037999999999999972e+02
1.047999999999999972e+02
1.035999999999999943e+02
1.050000000000000000e+02
1.007000000000000028e+02
9.920000000000000284e+01
9.468000000000000682e+01
9.929999999999999716e+01
9.281000000000000227e+01
9.870000000000000284e+01
9.845000000000000284e+01
9.700000000000000000e+01
9.698000000000000398e+01
9.920000000000000284e+01
1.012099999999999937e+02
9.468000000000000682e+01
9.468000000000000682e+01
9.468000000000000682e+01
9.468000000000000682e+01
9.468000000000000682e+01
9.468000000000000682e+01
9.468000000000000682e+01
9.468000000000000682e+01
9.690000000000000568e+01
9.359999999999999432e+01
1.007000000000000028e+02
1.094200000000000017e+02
9.729999999999999716e+01
9.729999999999999716e+01
9.729999999999999716e+01
9.729999999999999716e+01
9.729999999999999716e+01
9.840000000000000568e+01
9.829999999999999716e+01
9.700000000000000000e+01
1.012999999999999972e+02
9.600000000000000000e+01
9.390000000000000568e+01
9.540000000000000568e+01
4.120000000000000284e+01
1.147000000000000028e+02
1.159000000000000057e+02
1.157999999999999972e+02
1.157999999999999972e+02
1.160000000000000000e+02
1.159000000000000057e+02
1.160000000000000000e+02
1.159000000000000057e+02
1.159000000000000057e+02
1.159000000000000057e+02
1.158599999999999994e+02
1.158599999999999994e+02
1.158599999999999994e+02
1.159000000000000057e+02
1.157999999999999972e+02
1.157999999999999972e+02
9.879999999999999716e+01
9.779999999999999716e+01
1.004000000000000057e+02
1.005300000000000011e+02
9.429999999999999716e+01
9.434000000000000341e+01
9.429999999999999716e+01
9.440000000000000568e+01
9.437000000000000455e+01
9.920000000000000284e+01
9.959999999999999432e+01
9.840000000000000568e+01
9.870000000000000284e+01
9.850000000000000000e+01
9.879999999999999716e+01
9.859999999999999432e+01
9.779999999999999716e+01
9.909999999999999432e+01
9.809999999999999432e+01
9.543000000000000682e+01
1.072600000000000051e+02
1.072600000000000051e+02
1.074000000000000057e+02
1.074000000000000057e+02
1.074000000000000057e+02
1.074000000000000057e+02
1.074000000000000057e+02
1.074000000000000057e+02
1.074000000000000057e+02
1.075000000000000000e+02
1.074000000000000057e+02
1.074000000000000057e+02
9.970000000000000284e+01
9.979999999999999716e+01
9.759999999999999432e+01
9.809999999999999432e+01
9.700000000000000000e+01
9.870000000000000284e+01
9.870000000000000284e+01
9.870000000000000284e+01
9.870000000000000284e+01
9.650000000000000000e+01
9.807999999999999829e+01
9.684999999999999432e+01
9.650000000000000000e+01
9.650000000000000000e+01
9.650000000000000000e+01
9.659999999999999432e+01
9.659999999999999432e+01
9.650000000000000000e+01
9.659999999999999432e+01
9.659999999999999432e+01
9.590000000000000568e+01
9.743999999999999773e+01
9.745999999999999375e+01
9.659999999999999432e+01
1.007999999999999972e+02
1.007000000000000028e+02
9.970000000000000284e+01
9.815000000000000568e+01
9.859999999999999432e+01
9.859999999999999432e+01
9.634000000000000341e+01
9.750000000000000000e+01
9.740000000000000568e+01
9.800000000000000000e+01
9.800000000000000000e+01
1.000000000000000000e+02
9.800000000000000000e+01
9.800000000000000000e+01
9.700000000000000000e+01
1.014000000000000057e+02
9.873000000000000398e+01
1.020999999999999943e+02
9.720000000000000284e+01
9.459999999999999432e+01
9.773000000000000398e+01
9.465999999999999659e+01
1.004000000000000057e+02
1.142999999999999972e+02
1.142000000000000028e+02
1.142000000000000028e+02
1.157000000000000028e+02
1.157000000000000028e+02
1.157000000000000028e+02
1.155999999999999943e+02
1.155000000000000000e+02
1.155999999999999943e+02
1.027699999999999960e+02
9.687999999999999545e+01
1.024099999999999966e+02
1.126800000000000068e+02
1.125799999999999983e+02
9.720000000000000284e+01
9.570000000000000284e+01
9.390000000000000568e+01
9.390000000000000568e+01
9.400000000000000000e+01
9.629999999999999716e+01
9.909999999999999432e+01
9.800000000000000000e+01
9.479999999999999716e+01
9.450000000000000000e+01
9.479999999999999716e+01
9.590000000000000568e+01
9.470000000000000284e+01
1.014000000000000057e+02
9.400000000000000000e+01
9.179999999999999716e+01
9.450000000000000000e+01
9.450000000000000000e+01
9.370000000000000284e+01
9.700000000000000000e+01
9.709999999999999432e+01
9.859999999999999432e+01
9.809999999999999432e+01
9.259999999999999432e+01
1.020000000000000000e+02
1.002999999999999972e+02
9.800000000000000000e+01
9.970000000000000284e+01
9.700000000000000000e+01
9.759999999999999432e+01
9.759999999999999432e+01
9.459999999999999432e+01
1.020999999999999943e+02
9.429999999999999716e+01
9.843000000000000682e+01
9.748000000000000398e+01
9.920000000000000284e+01
9.450000000000000000e+01
1.002000000000000028e+02
9.729999999999999716e+01
9.154000000000000625e+01
1.005000000000000000e+02
9.451000000000000512e+01
1.010999999999999943e+02
1.094000000000000057e+02
9.720000000000000284e+01
9.770000000000000284e+01
9.440000000000000568e+01
9.479999999999999716e+01
9.409999999999999432e+01
1.095000000000000000e+02
1.069300000000000068e+02
1.069300000000000068e+02
1.063299999999999983e+02
1.071200000000000045e+02
1.071299999999999955e+02
1.051400000000000006e+02
9.484000000000000341e+01
1.095100000000000051e+02
9.770000000000000284e+01
9.720000000000000284e+01
9.770000000000000284e+01
9.350000000000000000e+01
9.490000000000000568e+01
9.770000000000000284e+01
1.094000000000000057e+02
1.070999999999999943e+02
1.070999999999999943e+02
1.070999999999999943e+02
1.012000000000000028e+02
1.157999999999999972e+02
9.440000000000000568e+01
9.359999999999999432e+01
9.629999999999999716e+01
9.740000000000000568e+01
9.750000000000000000e+01
1.002000000000000028e+02
9.470000000000000284e+01
