7.733899999999999864e+02
7.731900000000000546e+02
7.732100000000000364e+02
7.731000000000000227e+02
7.731000000000000227e+02
8.469800000000000182e+02
8.468799999999999955e+02
8.447599999999999909e+02
8.446900000000000546e+02
6.757799999999999727e+02
6.761000000000000227e+02
6.753899999999999864e+02
6.757500000000000000e+02
6.757500000000000000e+02
6.757500000000000000e+02
6.758300000000000409e+02
6.756699999999999591e+02
6.809099999999999682e+02
6.727000000000000455e+02
6.807500000000000000e+02
6.752000000000000455e+02
6.761000000000000227e+02
6.760700000000000500e+02
6.756200000000000045e+02
6.717100000000000364e+02
6.815299999999999727e+02
6.758500000000000227e+02
6.758099999999999454e+02
6.704700000000000273e+02
6.750800000000000409e+02
6.758099999999999454e+02
6.712000000000000455e+02
6.804299999999999500e+02
6.756100000000000136e+02
6.762000000000000455e+02
6.774600000000000364e+02
6.775000000000000000e+02
6.775399999999999636e+02
6.763799999999999955e+02
6.757300000000000182e+02
7.179400000000000546e+02
7.179299999999999500e+02
7.179700000000000273e+02
7.179700000000000273e+02
7.166900000000000546e+02
7.179700000000000273e+02
7.179099999999999682e+02
7.179099999999999682e+02
7.180099999999999909e+02
7.189400000000000546e+02
7.291799999999999500e+02
7.180000000000000000e+02
7.193200000000000500e+02
7.164700000000000273e+02
7.179800000000000182e+02
7.179600000000000364e+02
7.180000000000000000e+02
7.180900000000000318e+02
7.179700000000000273e+02
7.180299999999999727e+02
7.229800000000000182e+02
7.242799999999999727e+02
7.180900000000000318e+02
7.207100000000000364e+02
7.206499999999999773e+02
7.179500000000000455e+02
7.179299999999999500e+02
7.221900000000000546e+02
7.179299999999999500e+02
7.199199999999999591e+02
7.163999999999999773e+02
7.180700000000000500e+02
2.879300000000000068e+02
2.879300000000000068e+02
2.879399999999999977e+02
2.879300000000000068e+02
1.274500000000000028e+02
