1.178490699152454937e+02
2.042051291141553975e+02
1.248904155193128531e+02
1.714326271506270416e+02
2.346941445998513700e+02
1.788400874178995821e+02
1.419624354691796384e+02
1.392032286718136334e+02
1.366910912347163958e+02
2.638737770187847218e+02
3.242204581112056871e+02
1.569596914923826034e+02
1.709215716032169894e+02
2.991141401992030069e+02
1.907987856465038590e+02
2.003175377094916314e+02
2.461068146708454947e+02
2.485622211893799260e+02
3.871676322411927345e+02
1.618070126911644593e+02
3.323069595196602108e+02
1.829018424787456070e+02
1.476114093036240718e+02
1.932799828167472640e+02
1.281794601491425283e+02
3.167263380088395479e+02
1.382186063359065884e+03
2.890402766046477723e+02
4.054107947568083432e+02
2.340981791437488653e+02
1.282162206550911208e+02
1.723038700809099737e+02
2.055329607204149056e+02
1.767798457855962511e+02
1.568704680752180707e+02
1.592789968892491288e+02
2.792583997678744936e+02
5.330263366316270321e+02
3.066189611313505452e+02
2.828729773143994066e+02
1.622829070451869597e+02
4.516634888583520819e+02
1.517570844401936370e+02
1.548981973724141881e+02
4.292465194675310727e+02
3.117342071511064887e+02
1.401516250528954117e+02
1.080959314646428879e+02
1.331361550984463236e+02
1.473491545391403179e+03
2.952468043036814151e+02
2.063273378929250725e+02
2.249704296271544024e+02
2.425841042034400346e+02
3.221567736980196628e+02
1.374570703430421190e+03
3.524999763812886044e+02
1.904757624120195487e+02
2.514783304055976885e+02
1.389637815218647120e+03
2.138208455860190895e+02
3.463756652640033735e+02
3.263858607216025689e+02
2.554975816280370111e+02
2.542550794872317397e+02
2.008401360079222115e+02
2.447832717293730411e+02
1.327488898501680410e+02
1.431667543022483073e+02
1.362974981339883698e+02
1.282850296714908040e+02
1.230803697435653845e+02
1.591516687959112062e+02
3.152800398114051745e+02
2.734979552097950091e+02
1.423687629259733569e+02
1.537145306830302331e+02
2.309055765192681804e+02
2.847725117268463464e+02
1.288159723043410736e+02
2.768670599915394064e+02
1.306597782132095631e+02
4.073742556963418338e+02
2.331568322661796628e+02
1.392877760769806059e+02
1.413133041261841925e+02
1.697508023272675644e+02
1.443647221500783360e+02
2.258049446964679419e+02
1.657423502291506452e+02
4.417130939643747638e+02
3.123843689204797442e+02
2.144907183675591682e+02
1.688994619098884016e+02
1.414824213956343783e+03
1.253709651841461891e+03
2.727818958597302412e+02
3.634073113216577440e+02
2.758848081872515650e+02
1.217810034750025068e+02
