1.407551629619938467e+03
1.486469095459168557e+03
1.505443795364385551e+03
1.476800632480822742e+03
1.499156925239255543e+03
1.360515541480788215e+03
1.353433989779111016e+03
1.311234087284796715e+03
1.496982580575574275e+03
1.468537197945555590e+03
1.406419224351059938e+03
1.494239842212933127e+03
1.371069858342784528e+03
1.327649225815337786e+03
1.451964861795895786e+03
1.423033877576398709e+03
1.477421162667503040e+03
1.348961079805710824e+03
1.377837634555915429e+03
1.463846772157569831e+03
1.402724376563847954e+03
1.539849825572735654e+03
1.647395077463304233e+03
1.446271790091565890e+03
1.385726578489351823e+03
1.408257789999845954e+03
1.344525432611749011e+03
1.446487442554587005e+03
1.418553759569105523e+03
1.465815065866826671e+03
1.193284492925434733e+03
1.514053166125257576e+03
1.583623798070845396e+03
1.470041093816034618e+03
1.417534614763766740e+03
1.244185526419353664e+03
1.316187366746424459e+03
1.421034242836731892e+03
1.394214827880851544e+03
1.369160186740909694e+03
1.544735543292840021e+03
1.400843922501124098e+03
1.317412112112783689e+03
1.336793415321905513e+03
1.393490208594446358e+03
1.343901708613343999e+03
1.418969373314262384e+03
1.352724800202389815e+03
1.502751057273593460e+03
1.528894993191619733e+03
1.342288473907810840e+03
1.425150859142975833e+03
1.487819023184888238e+03
1.235744270593626425e+03
1.443747460753104178e+03
1.330077572277501531e+03
1.434862785753156231e+03
1.492494794712083376e+03
1.546631185457729771e+03
1.480164694205659316e+03
1.361990536719545617e+03
1.604932854643231849e+03
1.514844257983777652e+03
1.527658872352255003e+03
1.409261517910852490e+03
1.572359294271994258e+03
1.414164464815582960e+03
2.289282137150293579e+02
1.471512096915418169e+03
1.295281139375245402e+03
1.369047819942640444e+03
1.540341700436192923e+03
1.426122956229712599e+03
1.525774348676794261e+03
1.374546714296620394e+03
1.528453893068594653e+03
1.507581334887845742e+03
1.567264757142488861e+03
1.516405578414955016e+03
1.388768244012855575e+03
1.459794872482618985e+03
1.283809543711478909e+03
1.332845899267653067e+03
2.596166154781498676e+02
1.448215314013911211e+03
1.453169591142310082e+03
1.434900985992479264e+03
1.395237097141279037e+03
1.461623307540387486e+03
1.526200039980317115e+03
1.641843776938040264e+03
1.424226572078674508e+03
1.489348203211779264e+03
1.473526503504861694e+03
1.390037372757466756e+03
1.317581172362693906e+03
1.379957639807617852e+03
1.445652564032788405e+03
1.497861646935514500e+03
1.355311313104701640e+03
