1.283252467796035035e+02
1.068354907973700989e+02
1.182051368962610525e+02
1.342556230617641120e+02
1.440083394075963952e+02
8.825372291404492842e+01
1.797128988252504485e+02
1.286201682669477293e+02
1.370030230891287033e+02
1.184055520422363372e+02
2.479866431167994278e+02
1.331444551123719577e+02
1.707640358068984483e+02
1.763779201095271958e+02
1.100420384336684947e+02
1.145437631799996296e+02
1.481643971508073889e+02
1.371030542129444143e+02
1.239458034497377952e+02
1.405430008455671498e+02
1.429337465446050146e+02
1.216994914008988360e+02
1.040947803863684271e+02
1.024916379597939624e+02
9.716607438342737169e+01
1.012305197729797044e+02
2.629716162786903055e+02
9.700001947672639346e+01
1.340809943665336448e+02
9.572602296463713856e+01
1.135484313006379296e+02
1.476242639627691347e+02
1.749603639965633306e+02
1.603600129076933456e+02
1.066478652464207499e+02
1.275542684380616691e+02
1.369319662848517680e+02
3.202271535929387483e+02
1.004021363682239780e+02
1.146651864691425970e+02
1.589846115419578325e+02
1.109766696501942533e+02
1.613913165772704588e+02
2.916610597092047783e+02
1.769006816550160863e+02
1.769557606866477272e+03
1.084875229424515055e+02
1.045662279175877529e+02
1.218487649298069613e+02
3.687357488318736500e+02
1.006195620123254741e+02
2.980222647644294511e+02
1.560190328284983536e+02
9.177076999320316020e+01
9.411278631633247471e+01
2.551700407009685136e+02
1.170001106453300537e+02
9.197895171801199865e+01
1.189300480797388673e+02
1.014923011192834679e+02
1.764113577046041428e+02
9.383203682527421563e+01
1.286652235074808175e+02
1.600486849631770667e+02
1.320674899902283528e+02
1.957186247014772960e+02
1.379041140297799188e+02
1.016024771108418747e+02
1.897125753488152498e+02
1.303354508127989675e+02
1.139624283372712483e+02
1.182209172516776050e+02
1.034469653492506325e+02
2.706493479251722079e+02
9.706854773921554624e+01
1.388665831214160562e+02
1.434801058114029502e+02
1.018344819573137841e+02
1.193307017249336752e+02
3.106855238410496440e+02
9.764683624505984483e+01
1.263882827018671833e+02
1.237443689742777622e+02
1.460805297221271530e+02
1.093122870688693098e+02
1.078376497185150669e+02
1.186573801201102185e+02
3.631907140736025781e+02
1.274314441847190267e+02
2.373631328734143722e+02
1.089407661918143191e+02
1.258335754016604113e+02
1.290562323938175098e+02
1.509931458084850249e+02
1.033169781343489291e+02
1.378496629667176592e+02
1.025620829969741692e+02
1.309776030603520098e+02
1.604738444224589955e+02
2.006882258342734531e+02
