2.233794230334535484e+02
1.218877796098173718e+02
2.004171580697355012e+03
1.168736647935006232e+02
1.443970899053176424e+02
1.992019938217072558e+04
1.923764570451040072e+03
1.758758025090936030e+02
7.407846826526734958e+02
1.393920654419565039e+02
7.469646839271792942e+02
1.474557273905314503e+02
1.468767121122001072e+03
1.124656231767751819e+02
1.428255932204847625e+02
3.334554282141745603e+02
9.803866749213371179e+01
1.158683179825260413e+04
1.876070608679484337e+02
2.388793955423200543e+02
2.189605027730355857e+02
3.819350996972639223e+03
1.678174223318141003e+02
3.941954339660294863e+03
1.581993948604191189e+02
1.442495963507161605e+02
2.803418772455926842e+02
2.381503275003322528e+02
1.182142073599039662e+02
1.698314282063988685e+02
1.721661052263366969e+02
7.182462362381425010e+02
1.476720697866821013e+02
1.996063496950895933e+04
2.053581004067020785e+02
2.258999316989304305e+02
2.460936448853271088e+02
2.506236504583494025e+03
2.556377352730923462e+02
2.295165087479623196e+02
1.809741393708506223e+02
3.868451024318661439e+03
2.122115514268205629e+02
3.453590283292395497e+02
2.321704294910731505e+02
3.110183249325056067e+02
1.597497770301834805e+02
1.539733728189491444e+02
1.384517128100732748e+02
2.400047666415549088e+02
1.456906190265446241e+02
1.329281524853808776e+02
3.025916227375577705e+02
2.182134801164225735e+02
5.878017130712760263e+02
1.623646062825561955e+02
2.010724461289182443e+02
1.353151172874239876e+02
2.099976309055482773e+02
1.392535218380549509e+02
6.434262485207806321e+02
1.723590320089146815e+02
3.305093114309575867e+03
1.400672103307414318e+02
7.460559021342862707e+02
6.257586570024257071e+02
3.974505167283899027e+03
5.582262275341150826e+02
1.398548309494168734e+03
8.155835144588442063e+02
1.907486234375062963e+02
1.653927471580077224e+02
1.496919440106868535e+02
6.020501467964639914e+02
1.577079428406977115e+02
2.130522617015928404e+02
1.674977043861197501e+02
1.630990029056128776e+02
1.744470797448594510e+02
6.719301374530512021e+02
1.592583004627441028e+02
1.136993716874211714e+04
1.901641101182571845e+02
1.410022626881036786e+03
1.965853431066387202e+04
3.149861545213413478e+02
2.255014089439337113e+02
5.898639711914255486e+02
6.222819809224090477e+02
5.780617455663673354e+02
3.636524824707364019e+02
1.676454645392660723e+02
5.855147507720860176e+02
1.584411089101619439e+02
3.514018273521051583e+02
1.316076366003266003e+03
6.706986433721370986e+02
3.525658144601144954e+02
9.547988992831949417e+01
1.615554442114918174e+02
